23633916436
23633916038
23633498748
23294744871
23197708147
23188452707
23188451887
23180643901
23180643407
23174515633
23174515205
23138817362
23138816959
23136110889
23136110886
23136110272
23135334044
23135333405
23132415531
23132415518
23132415225
23131731805
23131731580
23130095319
23130095310
23130095067
23129679222
23129679200
23129678707
23128231741
23128231730
23128231467
23126487065
23126487064
23126486903
23125986649
23125986648
23125986509
23125418909
23125418901
23125418689
23078438696
23078437647
23078437271
23078263697
23078018142
23078018130
23078018004
23078014404
23078014258
23039377686
23039377449
23039336949
23039335625
23038089656
23038088603
23037956064
23037954751
23037866612
23037865599
23037770545
23037769393
23037663184
23037661927
23037554552
23037553360
23037469147
23037468287
23037414072
23037339790
23037338836
23037274272
23037272989
23037223588
23037222682
23037108920
23037049094
23037046187
23035893798
23035893533
23033508682
23033508389
23007427955
23007427729
23007401059
23005167878
23005166671
23005090225
22998139145
22998138431
22997896208
22997895785
22997594751
22997594320
22997369243
22997368681
22997219152
22997218877
22997148770
22997148243
